100   0.40000
200   0.40000
300   0.40000
400   0.40000
500   0.40000
600   0.40000
700   0.40000
800   0.40000
900   0.40000
1000   0.40000
1100   0.40000
1200   0.40000
1300   0.40000
1400   0.40000
1500   0.40000
1600   0.40000
1700   0.40000
1800   0.40000
1900   0.40000
2000   0.40000
2100   0.40000
2200   0.40000
2300   0.40000
2400   0.40000
2500   0.40000
2600   0.40000
2700   0.40000
2800   0.40000
2900   0.40000
3000   0.40000
3100   0.40000
3200   0.40000
3300   0.40000
3400   0.40000
3500   0.40000
3600   0.40000
3700   0.40000
3800   0.40000
3900   0.40000
4000   0.40000
4100   0.40000
4200   0.40000
4300   0.40000
4400   0.40000
4500   0.40000
4600   0.40000
4700   0.40000
4800   0.40000
4900   0.40000
5000   0.40000
5100   0.40000
5200   0.40000
5300   0.40000
5400   0.40000
5500   0.40000
5600   0.40000
5700   0.40000
5800   0.40000
5900   0.40000
6000   0.40000
6100   0.40000
6200   0.40000
6300   0.40000
6400   0.40000
6500   0.40000
6600   0.40000
6700   0.40000
6800   0.40000
6900   0.40000
7000   0.40000
7100   0.40000
7200   0.40000
7300   0.40000
7400   0.40000
7500   0.40000
7600   0.40000
7700   0.40000
7800   0.40000
7900   0.40000
8000   0.40000
8100   0.40000
8200   0.40000
8300   0.40000
8400   0.40000
8500   0.40000
8600   0.40000
8700   0.40000
8800   0.40000
8900   0.40000
9000   0.40000
9100   0.40000
9200   0.40000
9300   0.40000
9400   0.40000
9500   0.40000
9600   0.40000
9700   0.40000
9800   0.40000
9900   0.40000
10000   0.40000
10100   0.40000
10200   0.40000
10300   0.40000
10400   0.40000
10500   0.40000
10600   0.40000
10700   0.40000
10800   0.40000
10900   0.40000
11000   0.40000
11100   0.40000
11200   0.40000
11300   0.40000
11400   0.40000
11500   0.40000
11600   0.40000
11700   0.40000
11800   0.40000
11900   0.40000
12000   0.40000
12100   0.40000
12200   0.40000
12300   0.40000
12400   0.40000
12500   0.40000
12600   0.40000
12700   0.40000
12800   0.40000
12900   0.40000
13000   0.40000
13100   0.40000
13200   0.40000
13300   0.40000
13400   0.40000
13500   0.40000
13600   0.40000
13700   0.40000
13800   0.40000
13900   0.40000
14000   0.40000
14100   0.40000
14200   0.40000
14300   0.40000
14400   0.40000
14500   0.40000
14600   0.40000
14700   0.40000
14800   0.40000
14900   0.40000
15000   0.40000
15100   0.40000
15200   0.40000
15300   0.40000
15400   0.40000
15500   0.40000
15600   0.40000
15700   0.40000
15800   0.40000
15900   0.40000
16000   0.40000
16100   0.40000
16200   0.40000
16300   0.40000
16400   0.40000
16500   0.40000
16600   0.40000
16700   0.40000
16800   0.40000
16900   0.40000
17000   0.40000
17100   0.40000
17200   0.40000
17300   0.40000
17400   0.40000
17500   0.40000
17600   0.40000
17700   0.40000
17800   0.40000
17900   0.40000
18000   0.40000
18100   0.40000
18200   0.40000
18300   0.40000
18400   0.40000
18500   0.40000
18600   0.40000
18700   0.40000
18800   0.40000
18900   0.40000
19000   0.40000
19100   0.40000
19200   0.40000
19300   0.40000
19400   0.40000
19500   0.40000
19600   0.40000
19700   0.40000
19800   0.40000
19900   0.40000
20000   0.40000
20100   0.40000
20200   0.40000
20300   0.40000
20400   0.40000
20500   0.40000
20600   0.40000
20700   0.40000
20800   0.40000
20900   0.40000
21000   0.40000
21100   0.40000
21200   0.40000
21300   0.40000
21400   0.40000
21500   0.40000
21600   0.40000
21700   0.40000
21800   0.40000
21900   0.40000
22000   0.40000
22100   0.40000
22200   0.40000
22300   0.40000
22400   0.40000
22500   0.40000
22600   0.40000
22700   0.40000
22800   0.40000
22900   0.40000
23000   0.40000
23100   0.40000
23200   0.40000
23300   0.40000
23400   0.40000
23500   0.40000
23600   0.40000
23700   0.40000
23800   0.40000
23900   0.40000
24000   0.40000
24100   0.40000
24200   0.40000
24300   0.40000
24400   0.40000
24500   0.40000
24600   0.40000
24700   0.40000
24800   0.40000
24900   0.40000
25000   0.40000
25100   0.40000
25200   0.40000
25300   0.40000
25400   0.40000
25500   0.40000
25600   0.40000
25700   0.40000
25800   0.40000
25900   0.40000
26000   0.40000
26100   0.40000
26200   0.40000
26300   0.40000
26400   0.40000
26500   0.40000
26600   0.40000
26700   0.40000
26800   0.40000
26900   0.40000
27000   0.40000
27100   0.40000
27200   0.40000
27300   0.40000
27400   0.40000
27500   0.40000
27600   0.40000
27700   0.40000
27800   0.40000
27900   0.40000
28000   0.40000
28100   0.40000
28200   0.40000
28300   0.40000
28400   0.40000
28500   0.40000
28600   0.40000
28700   0.40000
28800   0.40000
28900   0.40000
29000   0.40000
29100   0.40000
29200   0.40000
29300   0.40000
29400   0.40000
29500   0.40000
29600   0.40000
29700   0.40000
29800   0.40000
29900   0.40000
30000   0.40000
30100   0.40000
30200   0.40000
30300   0.40000
30400   0.40000
30500   0.40000
30600   0.40000
30700   0.40000
30800   0.40000
30900   0.40000
31000   0.40000
31100   0.40000
31200   0.40000
31300   0.40000
31400   0.40000
31500   0.40000
31600   0.40000
31700   0.40000
31800   0.40000
31900   0.40000
32000   0.40000
32100   0.40000
32200   0.40000
32300   0.40000
32400   0.40000
32500   0.40000
32600   0.40000
32700   0.40000
32800   0.40000
32900   0.40000
33000   0.40000
33100   0.40000
33200   0.40000
33300   0.40000
33400   0.40000
33500   0.40000
33600   0.40000
33700   0.40000
33800   0.40000
33900   0.40000
34000   0.40000
34100   0.40000
34200   0.40000
34300   0.40000
34400   0.40000
34500   0.40000
34600   0.40000
34700   0.40000
34800   0.40000
34900   0.40000
35000   0.40000
35100   0.40000
35200   0.40000
35300   0.40000
35400   0.40000
35500   0.40000
35600   0.40000
35700   0.40000
35800   0.40000
35900   0.40000
36000   0.40000
36100   0.40000
36200   0.40000
36300   0.40000
36400   0.40000
36500   0.40000
36600   0.40000
36700   0.40000
36800   0.40000
36900   0.40000
37000   0.40000
37100   0.40000
37200   0.40000
37300   0.40000
37400   0.40000
37500   0.40000
37600   0.40000
37700   0.40000
37800   0.40000
37900   0.40000
38000   0.40000
38100   0.40000
38200   0.40000
38300   0.40000
38400   0.40000
38500   0.40000
38600   0.40000
38700   0.40000
38800   0.40000
38900   0.40000
39000   0.40000
39100   0.40000
39200   0.40000
39300   0.40000
39400   0.40000
39500   0.40000
39600   0.40000
39700   0.40000
39800   0.40000
39900   0.40000
40000   0.40000
40100   0.40000
40200   0.40000
40300   0.40000
40400   0.40000
40500   0.40000
40600   0.40000
40700   0.40000
40800   0.40000
40900   0.40000
41000   0.40000
41100   0.40000
41200   0.40000
41300   0.40000
41400   0.40000
41500   0.40000
41600   0.40000
41700   0.40000
